4294967278,308
4294967279,300
4294967278,307
4294967278,200
4294967278,199
4294967279,299
4294967279,562
4294967279,298
4294967279,297
4294967278,290
2190,0
4294967279,573
4294967278,305
4294967278,304
2190,9
2190,8
2190,7
4294967278,303
4294967279,552
4294967279,523
4294967294,50
4294967279,374
4294967294,471
4294967294,68
4294967278,132
4294967278,131
4294967278,130
4294967278,343
4294967278,129
4294967278,128
4294967278,127
4294967278,126
4294967278,125
4294967278,124
4294967278,123
4294967278,122
4294967278,433
4294967278,121
4294967278,120
4294967278,119
4294967278,118
4294967278,117
4294967278,116
4294967278,115
4294967278,114
4294967278,113
4294967278,112
4294967278,111
4294967278,110
4294967278,109
4294967278,108
4294967278,107
4294967278,106
4294967278,105
4294967278,104
4294967278,103
4294967278,102
4294967278,101
4294967278,100
4294967278,99
4294967278,98
4294967278,97
4294967278,96
4294967278,95
4294967278,94
4294967278,93
4294967278,92
4294967278,91
4294967278,90
4294967278,89
4294967278,87
4294967278,86
4294967278,85
4294967278,84
4294967278,83
4294967278,82
4294967278,81
4294967278,80
4294967278,79
4294967278,78
4294967278,77
4294967278,76
4294967278,74
4294967278,73
4294967278,72
4294967278,71
4294967278,70
4294967278,68
4294967278,67
4294967278,66
4294967278,65
4294967278,64
4294967278,63
4294967278,62
4294967278,61
4294967279,82
4294967279,72
4294967279,69
4294967279,64
4294967279,61
4294967279,60
4294967279,59
4294967279,58
4294967279,57
4294967279,55
4294967279,54
4294967279,52
4294967279,50
4294967279,48
4294967279,46
4294967279,44
4294967279,41
4294967279,37
4294967279,36
4294967279,35
4294967279,31
4294967279,29
4294967279,27
4294967279,26
4294967279,24
4294967279,22
4294967279,16
4294967279,15
4294967279,14
4294967279,12
4294967279,9
4294967279,8
4294967279,7
4294967279,5
4294967279,245
2197,4
2197,3
2197,2
2197,1
2196,5
4294967278,234
4294967279,233
2196,4
2196,3
2196,2
2196,1
4294967279,229
4294967279,227
2195,4
2195,3
2195,2
2195,1
4294967278,302
4294967278,216
4294967279,213
2194,7
2194,6
2194,5
2194,4
2194,3
2194,2
2194,1
4294967278,387
4294967278,431
4294967278,201
4294967278,446
4294967279,198
4294967278,435
4294967278,300
4294967279,346
4294967278,188
4294967279,291
4294967279,178
4294967278,173
2190,6
2190,5
2190,4
2190,3
2190,2
2190,1
4294967279,290
4294967278,299
4294967279,379
4294967279,165
4294967279,163
4294967294,1417
4294967279,296
4294967279,148
2187,6
2187,5
2187,4
2187,3
2187,2
2187,1
4294967278,434
4294967279,134
4294967279,133
4294967279,287
2184,4
2184,3
2184,2
2184,1
2183,6
4294967294,396
4294967294,108
2183,5
2183,4
4294967278,333
2183,3
2183,2
2183,1
4294967279,257
2182,5
2182,4
2182,3
2182,2
2182,1
4294967278,330
4294967279,242
2181,5
2181,4
2181,3
2181,2
2181,1
4294967278,253
2180,5
2180,4
4294967278,238
2180,3
2180,2
2180,1
4294967279,225
2178,4
2178,3
2178,2
2178,1
4294967279,284
4294967279,286
4294967279,251
4294967278,69
4294967279,73
4294967279,45
4294967279,68
4294967279,285
4294967279,0
4294967278,75
4294967278,187
4294967279,187
4294967279,184
2177,6
4294967279,183
2177,5
4294967278,182
2177,4
2177,3
2177,2
2177,1
4294967279,246
4294967278,178
4294967278,177
4294967279,175
4294967278,172
4294967279,172
4294967278,171
4294967278,170
4294967278,163
4294967279,162
4294967294,388
4294967278,161
4294967278,158
2174,6
4294967278,157
2174,5
4294967279,157
2174,4
2174,3
2174,2
2174,1
4294967278,151
4294967279,150
4294967278,149
4294967278,148
4294967278,147
4294967279,146
4294967278,143
4294967278,140
2171,4
2171,3
2171,2
2171,1
4294967279,138
4294967278,138
4294967279,272
4294967294,408
4294967294,450
4294967294,417
4294967279,283
4294967278,292
2170,6
4294967279,271
4294967278,134
4294967278,133
2170,5
2170,4
2170,3
2170,2
2170,1
4294967278,269
4294967278,291
2169,5
4294967279,263
2169,4
4294967279,262
2169,3
2169,2
2169,1
4294967279,555
4294967279,325
4294967279,253
2168,5
2168,4
2168,3
2168,2
2168,1
2167,5
4294967279,514
2167,4
2167,3
2167,2
2167,1
4294967279,249
4294967279,239
4294967278,237
4294967279,236
2165,4
4294967278,236
2165,3
2165,2
2165,1
4294967279,319
4294967279,295
4294967279,244
4294967279,260
4294967279,366
4294967279,281
4294967279,240
2164,6
2164,5
2164,4
2164,3
2164,2
2164,1
4294967278,430
4294967294,966
4294967294,407
4294967294,455
4294967294,119
4294967279,280
4294967294,902
4294967294,903
4294967294,185
4294967278,289
4294967278,0
4294967279,362
2161,6
2161,5
2161,4
2161,3
2161,2
2161,1
4294967294,5
4294967294,81
2158,4
2158,3
2158,2
2158,1
4294967294,393
4294967294,423
2157,6
2157,5
2157,4
2157,3
2157,2
2157,1
2156,5
2156,4
2156,3
2156,2
2156,1
4294967279,230
4294967279,277
2155,5
2155,4
2155,3
2155,2
2155,1
4294967278,137
4294967278,288
4294967278,264
2154,5
4294967278,285
4294967278,262
2154,4
2154,3
2154,2
2154,1
4294967278,261
4294967279,254
4294967278,258
4294967279,278
2153,5
4294967279,518
2153,4
2153,3
2153,2
2153,1
4294967278,284
4294967278,329
2152,4
2152,3
2152,2
2152,1
4294967278,323
4294967279,276
4294967279,274
4294967294,1
4294967278,432
4294967279,268
4294967279,338
4294967278,226
4294967278,283
4294967294,46
4294967278,220
2151,4
2151,3
2151,2
2151,1
4294967294,420
4294967294,402
4294967294,394
4294967294,453
4294967294,161
4294967294,528
2150,6
2150,5
2150,4
2150,3
2150,2
2150,1
4294967278,405
2149,5
2149,4
2149,3
2149,2
2149,1
2148,5
2148,4
2148,3
2148,2
2148,1
2147,5
2147,4
2147,3
2147,2
2147,1
4294967294,41
0,7
4294967279,575
4294967279,373
4294967278,336
4294967278,402
4294967279,232
4294967278,322
4294967279,289
4294967279,317
4294967278,334
4294967278,349
4294967279,164
4294967294,949
4294967294,45
4294967294,6
4294967294,22
4294967294,44
4294967294,9
4294967294,7
4294967278,282
4294967294,91
4294967294,90
4294967294,87
4294967294,86
4294967294,53
4294967294,416
4294967278,280
4294967278,155
4294967294,43
4294967279,353
4294967279,336
4294967278,272
4294967278,332
4294967278,271
4294967294,397
4294967294,398
4294967294,110
4294967294,458
4294967294,457
4294967278,339
4294967278,241
4294967279,377
4294967279,561
2144,4
2144,3
2144,2
2144,1
4294967294,472
4294967278,407
2143,5
4294967279,255
2143,4
2143,3
2143,2
2143,1
2142,4
2142,3
2142,2
2142,1
2141,7
2141,6
2141,5
4294967278,246
2141,4
2141,3
2141,2
2141,1
4294967278,266
4294967294,916
4294967278,380
4294967278,338
4294967294,84
4294967294,82
2137,7
2137,6
2137,5
2137,4
2137,3
2137,2
2137,1
4294967278,337
4294967294,114
4294967279,190
4294967279,375
4294967278,184
4294967294,83
4294967279,328
4294967279,238
4294967278,393
4294967278,411
4294967278,176
4294967279,173
4294967278,252
4294967278,164
2133,6
2133,5
2133,4
2133,3
2133,2
2133,1
4294967278,298
4294967278,215
4294967294,1420
4294967294,1419
4294967279,4
4294967278,146
2130,4
4294967278,142
2130,3
2130,2
2130,1
2129,4
2129,3
2129,2
2129,1
2128,6
2128,5
2128,4
4294967279,279
2128,3
2128,2
2128,1
4294967278,270
2127,5
2127,4
2127,3
2127,2
2127,1
4294967278,265
4294967278,259
4294967278,278
2126,5
2126,4
2126,3
2126,2
2126,1
4294967278,256
4294967279,226
4294967278,331
2125,5
2125,4
2125,3
2125,2
2125,1
4294967278,250
2123,4
2123,3
2123,2
2123,1
4294967278,383
4294967278,88
4294967294,389
4294967294,2
4294967278,382
4294967294,418
4294967278,381
4294967294,29
4294967294,28
4294967294,0
4294967279,570
4294967294,470
4294967294,17
4294967294,99
4294967294,76
4294967294,107
4294967294,92
4294967294,88
4294967294,85
4294967294,1414
4294967294,950
4294967294,921
4294967294,920
4294967294,27
4294967294,946
4294967294,26
4294967294,52
4294967294,426
4294967294,51
4294967294,25
4294967294,969
4294967294,42
4294967294,67
4294967294,96
4294967294,94
4294967294,8
0,5
4294967279,367
4294967294,93
4294967294,95
4294967279,6
4294967293,131
4294967293,130
4294967293,129
4294967293,128
4294967293,127
4294967293,126
4294967293,125
4294967293,124
4294967293,123
4294967293,122
